201980062
201980063
201980064
201980065
201980066
201980067
201980068
201980069
201980070
201980071
201980072
201980073
201980074
201980075
201980076
201980077
201980078
201980079
201980080
201980081
201980082
201980083
201980084
201980085
201980086
201980087
201980088
201980089
201980090
201980091
201980092
201980093
201980094
201980095
201980096
201980097
201980098
201980099
201980100
201980101
201980102
201980103
201980104
201980105
201980106
201980107
201980108
201980109
201980110
201980111
201980112
201980113
201980114
201980115
201980116
201980117
201980118
201980119
201980120
201980121
201980122
201980123
201980124
201980125
201980126
201980127
201980128
201980129
201980130
201980131
201980132
201980133
201980134
201980135
201980136
201980137
201980138
201980139
201980140
201980141
201980142
201980143
201980144
201980145
201980146
201980147
201980148
201980149
201980150
201980151
201980152
201980153
201980154
201980155
201980156
201980157
201980158
201980159
201980160
201980161
201980162
201980163
201980164
201980165
201980166
201980167
201980168
201980169
