201979841
201979842
201979843
201979844
201979845
201979846
201979847
201979848
201979849
201979850
201979851
201979852
201979853
201979854
201979855
201979856
201979857
201979858
201979859
201979860
201979861
201979862
201979863
201979864
201979865
201979866
201979867
201979868
201979869
201979870
201979871
201979872
201979873
201979874
201979875
201979876
201979877
201979878
201979879
201979880
201979881
201979882
201979883
201979884
201979885
201979886
201979887
201979888
201979889
201979890
201979891
201979892
201979893
201979894
201979895
201979896
201979897
201979898
201979899
201979900
201979901
201979902
201979903
201979904
201979905
201979906
201979907
201979908
201979909
201979910
201979911
201979912
201979913
201979914
201979915
201979916
201979917
201979918
201979919
201979920
201979921
201979922
201979923
201979924
201979925
201979926
201979927
201979928
201979929
201979930
201979931
201979932
201979933
201979934
201979935
201979936
201979937
201979938
201979939
201979940
201979941
201979942
201979943
201979944
201979945
201979946
201979947
201979948
201979949
201979950
201979951
201979952
201979953
201979954
201979955
201979956
201979957
201979958
201979959
201979960
201979961
201979962
201979963
201979964
201979965
201979966
201979967
201979968
201979969
201979970
201979971
201979972
201979973
201979974
201979975
201979976
201979977
201979978
201979979
201979980
201979981
201979982
201979983
201979984
201979985
201979986
201979987
201979988
201979989
201979990
201979991
201979992
201979993
201979994
201979995
201979996
201979997
201979998
201979999
201980000
201980001
201980002
201980003
201980004
201980005
201980006
201980007
201980008
201980009
201980010
201980011
201980012
201980013
201980014
201980015
201980016
201980017
201980018
201980019
201980020
201980021
201980022
201980023
201980024
201980025
201980026
201980027
201980028
201980029
201980030
201980031
201980032
201980033
201980034
201980035
201980036
201980037
201980038
201980039
201980040
201980041
201980042
201980043
201980044
201980045
201980046
201980047
201980048
201980049
201980050
201980051
201980052
201980053
201980054
201980055
201980056
201980057
201980058
201980059
