|    201980171 |
|    201980172 |
|    201980173 |
|    201980174 |
|    201980175 |
|    201980176 |
|    201980177 |
|    201980178 |
|    201980179 |
|    201980180 |
|    201980181 |
|    201980182 |
|    201980183 |
|    201980184 |
|    201980185 |
|    201980186 |
|    201980187 |
|    201980188 |
|    201980189 |
|    201980190 |
|            9 |
|            7 |
|            8 |
|    201817638 |
|    201863131 |
|    201865679 |
|    201871320 |
|    201836596 |
|    201850353 |
|    201865542 |
|    201889974 |
|    201861777 |
|    201891794 |
|    201892485 |
|    201812386 |
|    201824484 |
|    201828794 |
|    201845454 |
|    201847120 |
|    201847527 |
|    201852607 |
|    201855904 |
|    201860570 |
|    201897878 |
|    201899007 |
|    201824806 |
|    201849434 |
|    201850149 |
|    201822693 |
|    201823912 |
|    201826234 |
|    201826455 |
|    201836294 |
|    201853591 |
|    201861171 |
|    201864943 |
|    201869936 |
|    201880004 |
|    201893238 |
|    201817856 |
|    201859550 |
|    201871251 |
|    201824615 |
|    201875245 |
|    201884232 |
|    201822627 |
|    201827288 |
|    201840219 |
|    201849560 |
|    201850242 |
|    201872495 |
|    201873708 |
|    201878087 |
|    201883754 |
|    201885703 |
|    201898069 |
|    201828017 |
|    201856929 |
|    201892403 |
|    201827967 |
|    201837861 |
|    201839975 |
|    201847025 |
|    201855972 |
|    201869703 |
|    201870460 |
|    201872330 |
|    201885249 |
|    201890767 |
|    201895914 |
|    201820011 |
|    201840074 |
|    201853816 |
|    201859309 |
|    201865667 |
|    201891913 |
|    201893637 |
|    201896225 |
