202305333
202311636
202316048
202331875
202332549
202335774
202338542
202343991
202347827
202349964
202356688
202359493
202359923
202363205
202365157
202365794
202366239
202367607
202369224
202369404
202369742
202372774
202374769
202377966
202379523
202379833
202380553
202382642
202383027
202384014
202384850
202388190
202388843
202389305
202395130
202396033
202396932
202398691
202302512
202302558
202303981
202304327
202306315
202308619
202312252
202323943
202325864
202334290
202336396
202339120
202341091
202341262
202341424
202348343
202349251
202349466
202349653
202350543
202350691
202351891
202354426
202360181
202364741
202369189
202380166
202387012
202392228
202394530
202397772
202399444
202300200
202301060
202303286
202305745
202306280
202306291
202306951
202308489
202308748
202308996
202309739
202310704
202311836
202312570
202313705
202314287
202314397
202314404
202315427
202315799
202316383
202318114
202318205
202319970
202320576
202322129
202322199
202323899
202323954
202325976
202326005
202326062
202326315
202326810
202329731
202331378
202332003
202333902
202334279
202334429
202336009
202336060
202337398
202337837
202338250
202338757
202339409
202339900
202340169
202340271
202341794
202342232
202342671
202342855
202343156
202344901
202345259
202346634
202348383
202349764
202349857
202351269
202351857
202353155
202353181
202353247
202354986
202356157
202356165
202356589
202357369
202357409
202358408
202358739
202359083
202359948
202361274
202361422
202362231
202362911
202364931
202367143
202367315
202368136
202369552
202373242
202374444
202376114
202376646
202378563
202378871
202380556
202381261
202383389
202383804
202384368
202385586
202385996
202388612
202389349
202390456
202391408
202393228
202393789
202395259
202396223
202396562
202396572
202397475
202397905
202397915
202398359
202303378
202304957
202307361
202313640
202315293
202321810
202322661
202323137
202324849
202329061
202331183
202336024
202339692
202340088
202344644
202345576
202345985
202350235
202354555
202359535
202363667
202365512
202369034
202370739
202373604
202375512
202378882
202380086
202383304
202383757
202387241
202387336
202388577
202390365
202390792
202392848
202394897
202395556
202397904
202398077
202300302
202300821
202301522
202302042
202304092
202304975
202305290
202305832
202307584
202310741
202310843
202316459
202319975
202322194
202324972
202325852
202327223
202327479
202327667
202328310
202329425
202330043
202331359
202331779
202338040
202339623
202345414
202348108
202348373
202348648
202350152
202353794
202354975
202356168
202358239
202358825
202359198
202360375
202360554
202361239
202362360
202364236
202364852
202365841
202366036
202368178
202369541
202369688
202370792
202371152
202371727
202373489
202374593
202375733
202376333
202376936
202377615
202380068
202381231
202381851
202382384
202387340
202394005
202397334
202397473
202397765
202398919
202300714
202301991
202302483
202302526
202304608
202305100
202306549
202306666
202311526
202317144
202317665
202318362
202322398
202325857
202329032
202331613
202334073
202335699
202335952
202338322
202340408
202340910
202341211
202344829
202346114
202350077
202350192
202350664
202351124
202354645
202356347
202357122
202359104
202359625
202362425
202367552
202367623
202369931
202371351
202371769
202374926
202379496
202388379
202390850
202391254
202391315
202391610
202392453
202392900
202392928
202394294
202394381
202396410
202396577
202398215
202399774
202399869
2800007906033
2800901502065
2801877902019
2802990501028
2800382602018
2801986205018
2802031402017
202301764
202302429
202303183
202305984
202307006
202308481
202310705
202310863
202311028
202314135
202315345
202315668
202316632
202316660
202318864
202319210
202323264
202323506
202326837
202327624
202327703
202328257
202330414
202330701
202332397
202332663
202332989
202335818
202338071
202338425
202340211
202343141
202349743
202352385
202352578
202354215
202356350
202356962
202357027
202358150
202358369
202358563
202358642
202359122
202360106
202360305
202361103
202365495
202366213
202366509
202366982
202367968
202368335
202368628
202370423
202370499
202370627
202372547
202374444
202375184
202375427
202376210
202381550
202384285
202385123
202386298
202387034
202388174
202388436
202389197
202393845
202397883
202399058
202399516
202300431
202300617
202301071
202302402
202302600
202302731
202302820
202303821
202304713
202304970
202305023
202307433
202307598
202308235
202308796
202311306
202313052
202315475
202316872
202317206
202317257
202317786
202319999
202322982
202323154
202323364
202323585
202324041
202325619
202325810
202331137
202338461
202339855
202341963
202342040
202342878
202347081
202348821
202349481
202350193
202355949
202356348
202357732
202357807
202358088
202361374
202361893
202363169
202364368
202366466
202366736
202367698
202368679
202369137
202369382
202370771
202375266
202376946
202378236
202378610
202379075
202380175
202380276
202380411
202381011
202381253
202382764
202386013
202387420
202387635
202388183
202394297
202395296
202396990
202397547
2800007907047
2800428601012
2801877910038
2800239401016
2801082374544
2801782506012
2801854112011
2801883602026
2801925517011
2802347104018
2803067002141
