0 0 0
61 7240 7
57 63182 12
4 78056 6
40 87219 11
41 75955 9
64 78561 6
63 5743 4
2 93189 14
63 31711 3
24 13327 10
53 27257 9
34 15022 6
10 23152 8
56 8306 8
6 6835 8
56 73208 12
53 48404 3
38 91931 11
51 45466 9
79 80483 6
57 1081 10
9 44965 12
23 25979 12
54 5193 5
63 73018 11
68 25855 1
62 8466 6
61 69793 9
33 59177 1
50 59873 1
67 27299 9
36 41552 12
79 29586 7
71 23706 11
8 4979 3
78 94653 13
43 10099 14
43 98261 6
22 62402 4
44 57482 7
39 28678 4
20 25871 13
8 95539 7
28 41068 10
52 68582 13
50 32989 9
21 5969 9
37 51795 7
51 78823 13
6 42558 13
12 69901 12
72 95353 11
26 79633 9
50 10931 1
62 99467 12
51 69519 7
45 83038 6
51 4638 5
17 92132 2
54 45950 11
5 49826 6
43 64548 3
72 87812 2
0 3311 14
76 86832 13
62 42612 3
42 15361 6
33 52908 1
28 68848 14
11 80152 13
60 77565 12
3 2141 4
30 97732 5
7 2522 11
3 43323 4
18 18302 13
54 19546 14
41 94511 11
46 38362 12
47 77716 12
32 50231 2
58 97913 2
35 43763 14
64 41685 6
70 46754 9
37 69370 11
75 4962 12
52 14149 14
28 43539 9
30 22800 9
36 27161 5
65 31545 9
33 42053 2
50 72656 11
75 50404 5
40 86335 9
17 3475 3
13 78047 3
70 24802 7
16 28156 1
21 8800 6
44 95540 12
39 7837 11
62 78488 8
62 67571 8
55 556 5
49 50331 6
80 7756 9
65 83405 14
13 67150 10
54 18697 9
12 907 8
7 74134 14
2 11924 4
59 2000 9
80 96319 7
10 46360 12
15 35619 1
67 32394 2
4 14963 6
0 17520 14
56 75627 13
40 22719 11
33 26859 6
14 90041 13
3 15779 14
49 56257 9
62 41140 11
47 33790 6
43 76080 8
55 90703 3
17 74401 12
31 44424 2
39 11921 13
66 26221 14
54 23642 3
32 16739 10
13 46691 6
72 83738 3
40 63679 12
62 69442 4
34 55869 14
71 94041 1
13 35754 13
4 70031 9
50 53737 2
19 48435 8
70 40334 13
76 11724 13
4 550 14
4 22756 1
37 41742 4
45 96363 2
4 63291 1
26 57992 1
79 42227 1
38 74717 2
69 38359 13
79 28407 4
79 76235 14
14 49572 14
14 96329 7
4 42859 1
63 24979 6
39 62858 5
60 28479 6
27 13513 11
48 82373 5
70 3525 6
80 8325 11
1 90723 14
57 80121 7
67 12506 5
40 78697 8
60 50633 4
42 46901 14
43 39162 13
15 32098 8
27 49370 10
18 83863 13
7 58321 3
80 81348 1
12 31219 1
67 89429 2
64 73916 10
68 50811 13
54 36041 7
55 55635 13
73 49792 3
29 94028 3
60 17335 2
3 79819 12
5 21994 5
69 48770 10
55 80712 6
18 47706 10
61 23721 11
58 28677 6
19 74558 9
10 21856 8
59 13711 8
80 14630 9
13 40428 4
9 27004 5
34 16819 5
80 92784 10
45 25533 2
65 34339 7
65 89304 13
6 27160 10
52 44184 13
7 36787 3
36 22390 5
78 78025 7
70 77815 2
0 78961 2
37 57498 4
20 95166 13
55 48618 3
2 69205 12
24 77798 5
49 89265 11
39 36514 3
44 42057 6
38 17033 3
75 14064 6
8 61054 1
58 82789 6
27 13954 6
79 29567 11
57 47308 7
11 42190 12
3 49118 10
53 14282 6
42 78137 14
38 17931 10
6 58077 14
56 98999 10
31 49340 8
25 29932 5
73 38507 2
38 74801 11
10 2799 7
50 14334 4
79 10971 4
2 25716 2
4 89197 10
62 64411 3
35 53172 10
47 24578 6
65 15820 7
55 73149 2
45 39375 2
19 47025 9
23 20501 1
74 19730 8
5 18260 10
43 1852 12
51 65996 12
42 64869 14
5 7765 6
7 98794 3
57 17327 5
59 46422 14
41 125 5
44 94182 10
9 14733 11
63 52415 2
59 51326 1
16 7705 8
49 41134 10
54 8915 1
45 92873 9
10 68985 2
33 35111 4
59 26879 5
24 60879 12
80 83627 6
17 19783 7
16 95484 6
22 16712 7
50 18546 3
30 3653 9
74 5930 7
17 17795 10
55 9310 3
68 52526 6
33 12375 1
18 55980 14
41 56189 6
65 86259 2
19 4500 11
78 36505 14
53 15185 2
10 97226 11
80 69633 3
53 23862 2
55 19509 1
56 99078 9
31 57534 13
60 80092 5
65 31111 3
15 90643 9
65 4508 6
28 64542 6
45 15366 6
49 58306 2
8 50875 4
24 28202 3
30 83459 14
15 62228 7
17 12330 6
61 42585 14
18 88801 1
78 72864 5
19 74533 9
42 48238 9
14 7697 8
13 16038 5
7 61034 11
22 78619 13
58 75087 12
49 45011 11
6 32937 13
9 18993 8
36 47056 14
41 55264 5
14 70141 12
45 69506 4
33 88220 7
25 47787 5
55 76184 5
47 94298 2
67 41528 8
51 80444 7
11 14373 10
4 25552 3
8 73102 3
30 35995 6
24 6496 8
26 1370 6
29 82139 9
10 56402 4
74 24838 8
13 8072 6
15 74907 12
2 45270 11
41 7244 7
68 82922 2
33 81274 12
37 53692 1
71 99428 13
50 45660 5
44 9858 13
68 8902 8
39 41383 3
44 60807 2
80 25096 5
70 5250 7
7 47594 8
52 30174 5
11 62765 13
68 19479 3
24 35600 10
73 66425 14
64 78995 8
18 55305 3
20 22422 7
66 84528 5
50 89180 11
16 55254 5
72 1068 13
46 76983 7
62 65332 5
69 28044 3
47 37921 2
72 22731 1
9 26990 6
71 54704 14
12 12996 3
41 79942 7
76 79965 8
67 59453 12
49 51657 1
47 13271 5
23 31308 4
13 89663 11
70 90131 1
46 72529 8
72 66035 2
36 21701 1
1 92951 12
20 44311 6
45 91603 11
61 396 10
30 44819 4
80 28223 9
4 35883 9
9 71677 2
13 98864 13
66 41573 12
22 11929 2
47 74843 14
17 85876 3
24 96215 8
10 92191 9
47 76275 5
42 86907 9
20 74790 1
16 17372 1
36 7669 4
70 76653 10
26 12037 13
75 52294 5
24 56756 4
7 70831 5
60 6704 5
72 29740 10
39 82375 5
55 76120 12
56 96778 4
32 62167 9
61 58705 8
34 24283 10
10 55748 8
34 20392 11
77 97348 8
1 90745 12
65 98227 7
26 32646 13
7 8843 14
41 46016 6
60 71685 10
45 45228 4
73 29406 1
47 30736 10
41 69420 13
46 21200 9
21 40839 14
65 36076 7
3 58607 6
47 24852 7
9 99664 5
50 84403 14
45 39606 11
58 8681 10
69 92217 11
35 28860 11
37 56034 12
37 96044 4
57 43807 2
18 67777 7
77 42321 10
80 58139 12
75 13745 1
18 90171 11
37 69802 4
79 13939 8
24 64410 5
77 28709 1
32 52095 6
33 51085 7
43 8682 1
12 2761 8
54 86002 14
61 13967 1
9 50858 11
48 68782 4
49 2583 13
73 19541 14
37 91400 1
78 39611 3
62 15388 10
32 61180 7
3 94685 14
76 54358 8
8 45706 7
60 76878 1
47 76996 12
0 74621 4
65 81346 2
74 49956 11
65 19551 13
25 56832 14
43 22969 7
35 30392 1
11 99148 1
19 61205 6
30 72721 1
45 31901 10
11 35865 7
47 41406 4
27 59986 6
54 34376 13
76 84106 13
22 98342 11
13 93288 12
18 47255 13
6 10394 9
36 82099 10
2 68134 1
15 90916 10
11 36466 6
48 48341 7
53 63551 8
56 52630 13
55 18515 10
5 86755 5
41 66872 7
31 59820 10
77 500 12
12 55350 13
7 97378 1
56 76156 8
3 10865 3
77 11634 13
78 19065 7
65 6985 1
32 30931 12
37 25971 3
40 5715 10
57 99220 5
5 47319 1
3 16845 12
51 65950 14
46 28760 2
23 95151 8
39 9294 5
5195004232593584788723229417777259192300425806567237917552723886195692643176408521316711244646759971504676265203309013665028707301650656271318400198753734936717489036567557007032710232948031357362349343980764517248663445766668288 72830474163314751430984561696761970783673373789755194990678504480940749287676569271467945406344845224534011625630211606344323635729481071029764758219574436781047943514976546359277374734212856576737280 5578461375846871799135312834767413776138653102480372130124646071552341896938777138555463161706003454546604751373454331340748257858131883895945486882456060507892659476568813314644144938329712350875710266784968287685372481084850176
5578461375850665156660986247418907630474671873027791088774131609027466801208586960885998810135032369396574406840233572562704828492192063285551571432979562857770144621747520224105026558408587465578036061881173915356448243295715328 5388871572134858452064314929353985092729290123760647428087162352495126118864466155160010440222206213797885333459719816272501855203551602672731687655532952204466280681569479190817810737395984402201760796316112899604665895579811840 5388871573016500320197127813443346315289120242120912567423991018787295008135943603274009187694551480434274343889954613297278194304213164573051486688714420703086137092229897511291251936271055634132677872102481535029901073718444032
28864071965308048614592765754356241605557432257309666696415309700242199063985984443708519679051453787681731969319069586789173634640318259144311274703651068131255314083030099299507983707395997727189075452333870022656 1804276793111055556685900332864486135742376665020838934822530030236706702282837108009378253966707640856117960326745355261819570059453475321197341012459711222838454273395068927059265160923140110235599412845821413560471707623358464 1804276793111320835859687220437203313344150075669699969559466008540788919585340670309383764346728477286875511667517634466904924839329178317204582282056136484792967789050093868899447510641116112222237035009098839421743246549712896
4251773360353211879607097068332868651705299671844732467367144673708661853732636075065582654814805219424741718881906939522254041188200890133007225798880256166389611085404916669678350302559030409912035921423552848882820164150624256 107763320682451838568562599382777965511780156005004425397586669249553184624633110839573872640 107683376957736078346248685734614979942584715455560262810967100339350048190005086476883197952
28864675946365695595294262305365796766826330723751966529291007594306935391978646739267612453298894838843319937045187013148818222440795060247801576467130088121890157804901277474675944843186141739703195642575095595008 5568120014264275011401010097735537534416367125684871822459035718292225141377914966348731527971286709541465950072814819424006992903398845711809667773094909965500180365433104100492789428904413233139341466659437215111090533327437824 106757563537891171045128350786919278575630381266764707291788935976153058585448391296843016350779965047012327325526614274456311009751853323648995497667371040341235809071959318212910091050338928120260535359371714603960701550592
259452247439448338006422019025560007077403918142021456302110293920535387119980300397571364067758174427442133846840930245264211144331942105241019728270453846835200 47672304048399453200043029386497150344631309289278923581574900105587746202565421364968186408197917432588611335531288170846489988445348826247948212012162389901312 65495165503826001384844576815594181660342280478370258258316386254142429901644376548221236120390936180495980775776478996966858750949243884758199247546746106819786895175763889093050397169806342572998656
4814490866115607966272145916119659407569287186598100616062557108546118768601901832281654994348341685414669449583973305336343942719314948130068953180191339360092886706819656380787652718129117392592204886353713056451990922436018176 6975689085141282984753235197291876978681531859970715617359478532701753079660726008495608349405315111409443194780777692712069519489046936696466321378976258421570313623526173693670166251915870089116419174882455714115309801587081216 3997292616093042814133587972420713405429902894367045711994160941796638155823885126933771673465266389978595930960007177031567026462333281772545640537373561869141630682608386569756537093454947104363419020375869894710958206765875986454260170280579222208512
213559140037182659513342832340880193698483301209645880194095451677202493888559186988922322228300059040245133618517650887298982278565362433881041634088348949676032 260184774472307731716406298756643353244430260372268545854528858962641526192366438084626501189076769809859269690043163956611662023408858352353946300020597380253890686216699944897013651159519880515493285629974560804381482024523306894747611723332839033609912320 1299372459935047432842177164969658053810433861265731552853648684491231902197731795892672930769635950547783503625714628552820090977395791324708684756972913940493104442469320514076672
264900376417568714155283444170288541619568400877559875820675234420100121422560889895885269042695140511869459722893319650337583292209502709301798417476450086003151685310286350747892702229374096746416784545190406206052392594804735737856 0 97577206190877830615933896237318115153876037027934022089008425678425866478422511007116834316683755635047615065919991616244358943595765496869025549700822036864342292474930573887104034143610876047917056
19118974669011923743110906980783503328659075937808275318868834502752102515174057755218575682680834960800708862186094201804013579178902385417304977725223743654491231547410576033498540241827249889389265288787845447680 742303153477802738407659730639012775364072282654570139450880611876989131040059165029305179727070734690902179367365599995802801109755045373748592481730827554585223852134243686269742807251588041615115549353304505452512106351679713618234464041625812713340108754082480182770682994622464 73244087526867279039465970572066183871443609080115383781006370033181835176354761285749131983092925623332132804481001836000109707524084514145902508630927214364646062846544529269919292910744550786079508604149483061683695910912
192473730332867443769930675441342072405672405320062340853495098123194040234061100481908221184982265368031733240346107587613237303684055805233061229081870582415360 0 0
148334597796159663658821934994198482439592223888955469827878913188118662466771751933224898060809633862012711918513850130717283576311470992409957809534558007449136039067061609699920052224 28864675944473525836881529108149557458710735520448635959463187950110417470589961241529633575960824441811049383175002046815681125106352326596833203513513709268437552465521070495812113192540538762101731871148493242368 50351565616343073475989841136340594642071812857675740140844716679650389753712012697284311744500237574534223818887750285257826098516885563842681122702551551663235573333590643570943202216203880185392721344271386545479131070464
471825359792092138360922085588270554813618433168157523252453597710345912809226493379917090596607025004309570075387123807927425327546003225264423549000338564455252820566218746022019924186668326755419559833401001500123917231315936767773021856291190617021612032 0 90869771795510945325493114731310188291552316048179345156071697067343665339382931549586231898201445541164453674634288080404692957453403162618895008796667207619938091093527937397714781221499744985646892281439275495814928007168
532457385905146824533363934622224476351905694968032695603276931378738503116112924797849709305936632149489322258193975342161626201506683328977887928807292597314530269612356441001090091370490596532400656037207479972880841049207065280512 199722962209818864181342609262262545003460067541734547511424503613716039475610163448735806544763259209381064785974322626052450191203467861265797517805328650993664 142718375169148940439642677780494151218925628982946685812701796699599588154953991199630386042979215345283147956795488305883734165014326688089714590352652901956100768020360422274000708906716454943419626762149017122679703291569995432091120320754221056
72802406161234274979802146698134877462178628349187871920401769763490447088269956214236263169622220521999347936499890200236109393772332170332170224094619493214578946376568118155281384099817866607460352 0 267042258499512457862503705388889455954437582626595477277964391395627338931060242504732421706128460901964217831080492027479202466798549944948221484418722710188432309840605616439738499072
179325211713034117146342761909747537920453747598506382743051718879500520491299879709675374620910350972497064610976661682576245321464585446480999910690436618498828267491692258412302202600448152799797398613262336 0 6987527805649128362961735486752750692767260144756165077476639914480304184579130825842125412128445851454810379751944425682377459288726865258893595233541359930359284899135088218699642567016270253159257692741290978179275224573280256
472174752565850732069710746922105140912912605113657860728650088144741023052789339493380348931402072700935833504461013676640460969209577942380542989276029568384345500005340282538471583857636214731454842999880725051826816106686425268348384890505050238614503424 5192045589650627706838456765392740621653153175542087029505242590917993509122105115823329982985072658319346569390285505183029055912823445943748012267225867103417169789767885506577483503760360922620414624416625766416718299920334848 17135756106932918040218190990107173086414123558720629450476417231274254023621468985671952953316912542374978351137626490075370231175133573912604703730838068853818733027423430146077666782871036902861833165450579542016
1357634469743945087557077130139019992110430700413973105761183500205386941516769707140571428600418562492131267415064657015771557810784460853348147489351783454396687598454282923447096874464061725326309085914000385807635116534557151571132077309952 7064438401617734913882103438937026198820801464746190869657513300079810324305510779777300197015552 7751533220557813332937028552658272501776343430881140357692372121599482675405399340186971943806431632136520111071313057071884979750522534289642607929885202595246273937010743380098207102025271953878415024401608639986453896906145792
41752626297762030639137254060586691042402058744006264516383997894855667622382321526126440902813686236379142615602545333663482323783464433648749080891975989368737802609638135094930193720122009955860480 60993465964403141064671595833087457088497519470840779343427988158451937191277186250624981957262694456528968329180745775650942085162587061466599080966666749750211872306365851249041881834434928885195737461810719613795282495495662784175288517134385152 0
6960527621659378534629351144174562161387268482838025892597841963373089206519323390105046961230277081403460656282609709787806107353331476652730334504646827937590473342150212479069402791326962683297017619468591069959799438704126590774388914778384069820416 929433689042263166601828517500451203337241833416304966683582141823236833197215581322408699925754085106815606542558652266277173511142666144947468046670948837899898752123134755014095461044476869350592809338832142093732288209354968741100776325120 273404569628254351030217220307880109241116360287129537459859517591874985499571000451302358197188015416432488653963036998689076857566284987520468959691429229101056
50248831523467826763533004271713152378676924290545149593313004784653678334163937335580467607272814498449159415216785407488723252518921777492189833917304403035292491791959326720 258625682961613088475978474467200806789574768339968514402606881545124207824347957781294924868749520089236729843495879940269944040614287706630409702193772837732352 164571738630666582058993344801224452986430654532703052310988113745786143550163998110422248280033194651456923557009874062883672473002232916020566756203491628154880
12381640153503782418857824531198674557761274240356616500648825660259752835150178033173689695010739017584867584911385138570683644867889311892303039206108926819460614924178016993974337072147878988622393747396777757578492903424 17016646609674102642876069842169420091795031565224358198463016402141403463821992127279024817674381811065196347177553636308924276646479083931342704684090060042573394677764710828146035430954309892358060621087455051776 0
261955095644143111407646277632 0 90915617554389660342842491532284708122325197283893146605196868148005054067618911734380550673284759136606484831989357736568510224309468929337733776248188767380470268936351080026206944664819497275584029877485745556496542859264
3302052699096419971228904075544419485965752581492479207374323443102665188479933667018375864497314155215640285179537611382270411458338190427189540877283346647967000139900937186914319212405463057555345986625282235975753846921101312 4823380160323820932217380300306759257717051072643030413948787693531153786079879890177611526235218920709239372540903803303778333741632122832829747546473944193763448659506272640518630969227223899575917346524723927501991571760349184 73530502738440445506135799594944210224745820497802441349871142858638526693514622045679916662649646674885409986879654581924514761109469183071686335500185732484647552367923380935414795960969636809093385961934071788861852221440
88195428066265275054958938763981613021169324025311611456589039493057120710105101676318545315468275270012004018328225159548029626859924476728750732529879713631888752356627097608785255040715154262065152 73551710107211973535746855545989273558275613690624303372892101269343796731236778034752697446339124071565013410529900594344486761837632772504801508043383763606305421099118509669649773776329135357662492826185037528570011844608 21056431383534062817410816942792766377035793680458514054262680766055566536114973630726120650471493310676453454574967945778005005154105108945458388718737276061695278548446743333655153516689504747107662322938373210112
472175435471432680764977854215029927506279258087546195559457374858696376462065503137818254024168661670800839233540038005175477250332859234341761291814351348510904808378533425032491694399435796638216081094926528547751873015317446745008047305138927726617427968 0 6960548113840911159260435586507969272365451336794674297507196782518190465703558108114039356722570632615935285848218352880696175987190329858333344336724575141035808739743964948837370365170985695469216567564454399242527013856660284405671119282401506754560
4817442916857730144107291642849958148174103772683669960791179317849129425454621880589023215219207808415173570459229410317153878091502404205653946888050413420039324998069535529011524782750517366081427656338540686196533442966978560 1353873944150532715346875780791419203477186816827511796246527216030464931170545785995083513537674703754827140523215207374229354837265002263877231928396568325260925392136093903081032061988078331037411968825565948973261203725322098125861636014080 1125088568743021699115507857013698723840
286532671728547062591937102507622539567463876762501104674366901248934770222294191130143890921019120083146550038373684064369332461867353604632191940744605402660864 471883994261935294021338327412590797954985493751085772986561639390843138653538782910659112689533933455633254051019695725333834534296361046886060007310444651962692064795107486091802367563991150487370669310092560755719260002952321410672792877586586182254329856 92715220248806414832205314465247411802100759345087835621218317149009763886971786345805672350127255035669606085035704459969827370554105240519871032294108549810286783323796586856229955069498910234902528
126560590295394230316745338663955171713441418451263525901924967386246503789197343778119891621639455739995101824961356610844870991205256230247555857140979359351440714826414025383867040075162197617016832 0 109841587139978745876750635652982950391313101474291638255867333514263491566888853402937650640498224740267450385727340626102068350909022889622794966642734845818699391155623116041418011469790368771885250941806970294521559541149993557042494301263626240
126560590295337751227141174917748915661909455147307806288158345719661167697317665665178528037555544156154226403640469595104621483273288336387107218863969508634978590993757726141851487701823239774797824 1123930666290675659482931014657363673088 471768300426075218069225115618269581175762173554280321607000473554248894068145673577649040125236646287066764569244724305998942108838117961980332340017164750265808268664998793788054506869340824256724843561355087668308938634467538455515247972215809406018781184
6229578250123927919798097642235435616254114971305727012816739299318394677095836175606871345447740009321882454387497143774232803637014366037754913631076247077773476648099783021393613135684091229470449815876019543701733818608123904 50905831179611163606565042699305659691946222518845897443162977087354048219420367166495951243860950638627690916446959584330860822498731327023196232909769224020448332314166243046151868669929932894240768 1125088591688975051936902043149893894144
2286829477275203313432396712704489500358808719248737719849836086094731782570054821942111326270510580115965865578290394423652037266381612791051155027924183765648671718015587878453546353704037029740340421732142128832005043338633297552295971520512 112155093601747619862042579206930419757981713818738820141348142776979778059218268958619026899735159752530171965470635381438419187081703623066947882528579039395190851176270449870186011399414783489799190282107899179807106797874035443931731605638348800 92991039167843922087185603489230729571179286363147608289900238473804737819873684161230996246311198641566438712037932938579563035726119040914188700556242561938920041625825522651123966604083407836151808
0 0 0
57277812627084790628902882009463207140827048368207064852573424129283833536696059035932007910858114051961532630890273962706397826829514641678888941689155063334185782979567250387913810958871821194389480031133733961569398805810566288652870454252799000576 0 0
2214326838644804735916765369667317407354133333063847809047102271391917968498146455030093392129960608109463104998812327751441216057036258369462269921157714018304 0 4884835359022016742641514287028602548756352771805352610507042538980572264280154816466129596841244727275467757585284348716562299430573079113954239003713463393524750392613540096165010591434114631179673815607888608175467842891692582033253969743082059464704
0 0 60925725623639086591981130736468282657685385665738370129106427578387203586447285082548643859160114494345069786313904954012460468658269549777507554302979887053533723612366163908575520729214871310554741881678807783538574368572621028158139647513329664
945312994819653079374107315168617953886903302267840357899818801148266496256042805296320796210701652372991422862099797210860344652034189190032672765125478534938563897697554814246703065692328095258907299230565730290237440 171898014183372725943432684065923569129785043474508684585232359231370876887222030687141809916470336942350041433977377413964659095276707896408477427360975837724672 5709473969613443454077685471196408970633275852807547685797020008451730096397314044205330503656049539500797213260583460186173599077981056992943227092142688646952018266388876613375598382563871732538585705085823465522698330094698496
0 0 106441858710777959485785377050182915321628922435793745566505077261367560992257763044872093280760755738460651342781294082155655896299631050255897933857554830342817724930691086836344553005135993786463613020523462696388743492834533354031845008753033216
3687790179745236776546112149216209065617525013413149974762920878966014425213830874953517722860274649899551104837202427807153065043927648219810614187602757648874447520608459006410752 259345432477923805438605722914264769984757900279851172340387372164766603218136997753875682774158927542310403311551520578129142604881421133507793632301521154605056 0
707377193384301181545191441757922534037927742584987572378652441102717493676337095950065016138063226558935739542522945128190531284926560718599581099056895821266076048636861628262655689574620069888 92960306275945797834190394604335317497556342992970913161837228597387119200621767478719487750924926873714130236652020418412372815678495164195066262664617287937567135362215329645300822427471940625104896 6973024677801494899823144892552117068460276709867928399404299719916137059218023338860813992184209939433216550077131783916967549333487048702948239511606957766297499782507995621852800794387613303137276346780537032216524867978020759834001529917171445006336
234896698057914341782076964869287552964180368614084870304175989863595120456050409638597755403783090541301564845410787633056107491157344509761054271846790782494030356777386039885902004591731096311421186629634814937934948703844972230999307770818837086208 0 766636982487064508778856432700512115815377055664612961834534988280041324606689528754497310444358810965911240451750156690196013042027680400274003835775242767087496056537088
1469219977860642981923684606895404734921578829127480186942083701920346984495383330574824588266713816042242678355627070270114466798328073843352014943125011295901592920246560317992727720247236231168 6788987763042203920610959362103870724447596806351617389606012104321576642209956499780359875486607398959429185945831635104883456219630075299822641050891456645903418628799909949603840 3811872758265038838552316641773949960791173366005467559219372535955089715418251933292490628862211728559713345407217840644946624074702393975491189682088630318673044171131726539522048
